#dataset from "ANN and multiple regression method-based modelling of cutting 
#forces in orthogonal maching of AISI 316L stainless steel. Neural Comput & Applic"
data = [
    [1, 0.25, 0.25, 0.15, 0.28540, 0.407097],
    [2, 0.25, 0.25, 0.3, 0.40050, 0.508387],
    [3, 0.25, 0.25, 0.6, 0.63513, 0.694839],
    [4, 0.25, 0.25, 0.9, 0.89351, 0.885806],
    [5, 0.25, 0.33333, 0.15, 0.24702, 0.338065],
    [6, 0.25, 0.33333, 0.3, 0.35567, 0.423871],
    [7, 0.25, 0.33333, 0.6, 0.59621, 0.590968],
    [8, 0.25, 0.33333, 0.9, 0.83027, 0.712258],
    [9, 0.25, 0.5, 0.15, 0.19351, 0.237419],
    [10, 0.25, 0.5, 0.3, 0.323784, 0.328387],
    [11, 0.25, 0.5, 0.6, 0.53027, 0.425806],
    [12, 0.25, 0.5, 0.9, 0.736757, 0.510323],
    [13, 0.25, 0.66666, 0.15, 0.187568, 0.216129],
    [14, 0.25, 0.66666, 0.3, 0.315135, 0.287742],
    [15, 0.25, 0.66666, 0.6, 0.5, 0.371613],
    [16, 0.25, 0.66666, 0.9, 0.702703, 0.427097],
    [17, 0.25, 0.83333, 0.15, 0.191351, 0.209032],
    [18, 0.25, 0.83333, 0.3, 0.307568, 0.263226],
    [19, 0.25, 0.83333, 0.6, 0.500541, 0.330968],
    [20, 0.25, 0.83333, 0.9, 0.671351, 0.38],
    [21, 0.5, 0.25, 0.15, 0.223784, 0.270968],
    [22, 0.5, 0.25, 0.3, 0.351892, 0.408387],
    [23, 0.5, 0.25, 0.6, 0.605946, 0.607742],
    [24, 0.5, 0.25, 0.9, 0.856757, 0.774194],
    [25, 0.5, 0.33333, 0.15, 0.224865, 0.283226],
    [26, 0.5, 0.33333, 0.3, 0.335135, 0.37871],
    [27, 0.5, 0.33333, 0.6, 0.578378, 0.563871],
    [28, 0.5, 0.33333, 0.9, 0.811351, 0.669032],
    [29, 0.5, 0.5, 0.15, 0.182162, 0.209677],
    [30, 0.5, 0.5, 0.3, 0.317297, 0.346452],
    [31, 0.5, 0.5, 0.6, 0.544324, 0.49871],
    [32, 0.5, 0.5, 0.9, 0.762162, 0.581935],
    [33, 0.5, 0.66666, 0.15, 0.191351, 0.234194],
    [34, 0.5, 0.66666, 0.3, 0.304324, 0.325806],
    [35, 0.5, 0.66666, 0.6, 0.504324, 0.433548],
    [36, 0.5, 0.66666, 0.9, 0.718378, 0.51871],
    [37, 0.5, 0.83333, 0.15, 0.195135, 0.247742],
    [38, 0.5, 0.83333, 0.3, 0.303784, 0.325161],
    [39, 0.5, 0.83333, 0.6, 0.521081, 0.421935],
    [40, 0.5, 0.83333, 0.9, 0.684324, 0.490323],
    [41, 0.75, 0.25, 0.15, 0.204324, 0.247097],
    [42, 0.75, 0.25, 0.3, 0.346486, 0.368387],
    [43, 0.75, 0.25, 0.6, 0.601622, 0.581935],
    [44, 0.75, 0.25, 0.9, 0.847027, 0.727097],
    [45, 0.75, 0.33333, 0.15, 0.19027, 0.23258],
    [46, 0.75, 0.33333, 0.3, 0.341081, 0.36],
    [47, 0.75, 0.33333, 0.6, 0.570811, 0.518065],
    [48, 0.75, 0.33333, 0.9, 0.764865, 0.576129],
    [49, 0.75, 0.5, 0.15, 0.177838, 0.194194],
    [50, 0.75, 0.5, 0.3, 0.30973, 0.319355],
    [51, 0.75, 0.5, 0.6, 0.54, 0.445161],
    [52, 0.75, 0.5, 0.9, 0.720541, 0.51871],
    [53, 0.75, 0.66666, 0.15, 0.176757, 0.212258],
    [54, 0.75, 0.66666, 0.3, 0.296216, 0.285806],
    [55, 0.75, 0.66666, 0.6, 0.481081, 0.378065],
    [56, 0.75, 0.66666, 0.9, 0.684865, 0.457419],
    [57, 0.75, 0.83333, 0.15, 0.183784, 0.207097],
    [58, 0.75, 0.83333, 0.3, 0.298919, 0.278065],
    [59, 0.75, 0.83333, 0.6, 0.494595, 0.36129],
    [60, 0.75, 0.83333, 0.9, 0.667027, 0.429677]
]

df = pd.DataFrame(data, columns=['No', 'Ct', 'V', 'f', 'Fc', 'Ft'])
